14.93013531093146
15.048330537853582
15.15121619370211
14.875298161791411
13.589866054978817
13.495356395431363
14.300433170228098
15.444473772340894
14.387186975834865
15.313365431478099
14.72940858264711
17.765639633472233
15.591006181235025
14.991405421405453
15.640906036915553
14.384370075192724
15.202831505291371
14.412116251361269
13.324914689619455
13.765488038803353
15.066943893127597
16.150858308903285
15.875062675044648
15.595696317171914
15.058962568574044
12.574119684852546
14.91354206640918
12.553941960090778
14.573161263487268
16.295172230147752
16.149707239345563
13.993317962780662
15.905313914233112
14.161012259517364
13.983454845389886
14.833135149980064
13.67465519416835
15.68282665984158
17.11211427333366
15.90353631490291
15.772538076739034
15.799090286011243
13.35273232612827
16.237079550203283
13.079094275392944
15.82444017762379
16.10088180563819
15.98402275810163
14.658161190534356
15.6762277842348
15.446004483404169
14.327428630391735
14.304691913724081
13.827591134305942
14.78420230862827
14.387236843581839
12.751887468767904
14.009434101901062
17.019711030469526
15.971962666194925
14.040877948603733
12.644674889685241
15.204300846233568
14.978824436573698
15.905512854716982
15.20283740335645
14.308022586233205
14.002831534579975
16.63924418741458
17.336615230474877
14.518961811428246
16.033675299039444
14.699261782290199
14.452429393399356
14.260500192186518
16.615936236535337
13.417244884610103
14.508060950004799
15.953079051593887
14.915106253614367
15.63901946267083
16.05234838760935
12.50922944854545
15.638347911394428
15.008624604192805
15.357857204997906
14.500292467815076
14.212002177614824
15.561767041264211
14.906577594541721
14.205479070432462
15.820287244312427
15.747956101672347
16.288915313818915
14.769166802383143
15.694792423563584
14.479420195144865
15.164274717111676
14.989330443036263
15.055716766344657
16.81647847713889
13.934239829968629
15.57017146763352
16.306555863158835
14.502662837499052
14.159283002951328
14.577642738239511
15.397351195346944
15.021456984231445
15.121492641816815
14.348349780837928
16.58240665281031
14.093029816670203
15.402608235323454
14.88466691478267
14.516637873922226
15.34802507645659
15.474149746597831
15.790924790066164
14.857083045924366
14.339822062375406
15.428710232777373
14.85185159909577
14.740919464324255
14.961340509589082
14.544714528012225
14.342895223570306
13.394172266091601
14.957018808002479
14.877587407213383
14.770795086466942
14.039186251347882
14.596633351648167
14.128127190969169
15.074307431164518
16.30743353399131
15.80471064375633
14.055237034005453
14.888959034906508
14.675192553530644
14.76315227830444
12.125892178085811
15.495505084150073
15.621526739237321
13.528816846915879
17.5341313134561
15.36975974749255
15.127476602010013
14.582199032436984
15.193375447546154
15.171158645586482
16.711292069295364
16.54459581179167
15.917761699053289
16.59793715564386
14.573028372309889
14.45708144955057
14.331293155722985
16.456297319236143
14.492676206479823
14.299038358175206
15.910106163561242
16.303413333773555
16.301460180415788
14.164135621385313
16.171925359579717
14.93797493874798
16.1436915107897
15.410806250886967
16.555175013864424
16.154560316290198
13.302310377174106
13.931402503976248
15.517983564857845
14.639136487058266
15.711350791616276
14.072792617856848
14.672832722143896
15.006364114478481
14.21401710610363
15.022025995411187
13.619925849351787
13.623829756597319
13.569849013037638
15.234252885378403
14.175739902308989
15.003264628605635
15.41227764471944
14.387152803607789
14.889216260434704
14.3711851983721
16.02752083436489
14.783191501813432
15.015030698775174
15.302522449740364
13.507517081291242
14.003083929736777
15.873728114275828
15.259206977150301
14.841134619075653
14.554006343803026
15.739261496922667
14.815734323164857
15.888523044680216
13.674629062402396
13.757708438149653
16.01546301972904
13.82595028833932
16.023305616439576
15.086887812786838
16.01511957759932
14.499165888119311
16.3608816057806
16.155202788532765
16.267929827890978
15.934018317049231
15.83311799805314
16.124260305636394
16.793759574746385
13.341812540032539
15.361146061919568
14.01706042548977
13.962695743521984
14.651571666720509
16.038043659616545
15.830628171039125
15.262428536248322
14.772994518300301
15.559525487161867
16.820167766315805
15.557358189887008
14.942480848309092
12.87924462109905
15.43049427714423
12.184717865796033
13.897274379306408
14.00443763339647
14.947341491810363
16.291795947803674
15.73331243800046
14.82307236957197
15.184356014801761
16.345949189734807
15.34711341649778
14.881538836121669
15.895344169262126
14.427218463969169
14.893238131170692
15.015096046817689
13.64905639797129
14.423571746785074
16.891633948249545
16.359937592699495
14.63405648355573
16.00696888403794
15.890601257623228
14.845584527885899
13.590894601354341
13.396813782087033
16.501214642838036
15.023951539397505
16.19519804635432
16.698397838204702
14.609719927227966
13.899423587486279
16.260974013452945
14.580471529618514
14.449102092901365
14.268933303336643
14.346948289532511
15.054087172651125
14.186416474974571
13.8255772715031
15.788513837233698
14.373557779425031
14.465021073921928
14.075264001024115
14.286627945790318
15.814849749587564
15.007266855353073
14.258304537393142
16.346192800648364
15.382283370037142
15.014728826969163
16.513040142027506
13.074597922286184
14.75670364387367
13.666695158403627
14.838186509465777
14.777391320141199
15.690250639093051
15.342625179816574
16.054966515146187
14.56360155995694
15.217153047570134
13.155583804123365
15.800733313559395
16.70203688334717
16.00563948406145
14.568743359019077
15.536209362426527
16.301212877043923
13.870663685839764
16.604735102864407
15.751000213371103
15.562765277980244
14.807328295626666
14.425565371384149
15.764424618226
15.696414803047716
14.715123461457184
13.7070980637123
15.770598937506438
15.409768332124397
14.93648277330541
15.42526453816863
15.42022168065078
15.89101320615512
13.375283334442118
13.186312372501837
16.238783256185158
15.708550650003726
15.926095462584572
15.74191502666228
13.68987884668733
15.667898104761923
14.042889083654915
14.734229506832026
13.43331293282436
14.122126096758397
12.690816117442978
13.790107833363956
16.366227655723787
16.06709108933522
15.658632141089392
16.02671432333058
14.501963168029578
15.387126145107406
13.342124564730973
15.951888403448628
14.603878836728839
14.891030473580136
14.884231023886402
16.085740618569755
15.027904036400242
16.46811884451621
13.711979066606132
15.310633774805625
16.171527333415256
14.454907377517618
14.51970757664342
15.057605159925176
14.577254246249797
13.470074896186038
15.968033482920573
15.111336778595335
15.184140537964703
15.38541001485418
16.648470080997207
13.876964022365971
15.831828931061015
15.73628389448376
14.915322809669807
15.272525859347603
14.33784729214998
15.1480626348105
15.164041059864948
14.033476696474018
14.893596692744511
15.841780997611863
15.210275648330402
14.711413377244293
14.048394890103662
14.746804522537925
13.385895781793222
14.159066515415628
14.359528415741286
13.997760517387912
15.087876868892446
16.072278181379883
15.703079865920373
16.8730075511984
16.244063931666197
15.0215268616204
13.956520158419453
15.808017466964369
13.322005910836882
14.983563127728049
13.495514476336762
15.85424664686192
14.84306135932989
13.840930178505522
15.896975514878786
16.039047501066957
15.629428224601503
14.502220967725227
16.044117570867737
14.45464740463378
14.966163415202782
15.42235704565785
15.30664130120007
13.722805718043235
14.749161788286607
16.46660806428801
14.91169774984015
13.889082307711957
15.818998993819868
14.555737601607195
16.641328373020656
13.524756302661213
14.566417932547816
15.099426796178474
16.788759188842384
15.744726085173207
14.511531801894982
15.321934854529015
14.940963858669317
13.639827674237626
14.52101861632036
14.548342655058226
16.147571363529806
16.639190351619003
13.538886986942012
14.687652168813344
13.737534922719455
15.694694172471145
14.539268928994911
15.67336133117316
15.523804915328808
15.715536380368775
15.661618794615576
15.813216747836737
15.692946692492562
13.855169596461595
14.454752650653823
16.328298853528892
14.586146648952528
14.716521351813958
15.378984471669293
13.803883697238586
15.049814784719095
13.819356808432817
14.01799742737205
14.56864076893503
13.932379604609906
16.296932674937548
14.882241216976
15.45927661394478
15.47519861845001
15.658220728834307
15.01279081299454
18.161518711831697
14.66066829474561
14.645112475265977
14.595301229543544
15.952223808362747
16.240421890650744
15.499676509714742
15.395654922099911
14.726103587737807
15.039026102944648
16.44944115907177
14.868292616868931
15.15630628818488
14.163933992654156
16.41062640033414
14.791802530676627
14.184583813504997
14.50908497566969
14.550283999312217
14.037181452564246
15.128727285278032
14.498515711333557
13.816920250416327
15.75002658678784
14.049009938494304
13.939975404315312
14.728003677374604
15.906246627701954
16.638265620483793
13.657047303456181
14.342608223235843
17.159117886119414
16.077268635233665
15.460350900607827
16.308370270413352
15.236087166732592
15.629520450226872
14.777422454104082
14.377013612881198
16.486219525536168
15.496238057627234
14.529940233898483
14.971571692194646
15.423298048064954
14.899401257987229
14.351744266825042
15.43779505563811
16.644608564899652
16.324520690691816
6.852156112592283
0.5567231119174956
3.447704650842692
10.93661781151614
1.370358136608436
8.17692490487275
10.41570485845289
4.5315062268175055
3.1755661388251784
9.900432478171428
5.3562075261752256
10.768459151245024
6.026356257059196
4.007476499211285
5.717367415362147
3.1171947387048284
8.045869247011709
8.586674177662665
8.122732020951036
10.305817383826042
8.399739113732288
4.79401608903106
0.3057856502516456
4.517018519234419
3.0537778420814248
12.493222684720793
9.847033107481401
7.010494027633439
1.50457319592112
2.9508669490230477
7.324475782751664
12.138321950275511
5.772242412728236
11.713869130885374
9.789819046023522
5.636802019534829
9.464278169879302
11.444647376135581
8.583560613943055
0.15155103001581605
10.753074500693607
5.056083042008939
3.322276188187342
7.5978750585702715
1.6172916229004324
4.362195645590784
6.490846506808689
9.772607640073565
11.709577380664559
10.947136684722299
1.9792127461305995
4.1858823865110075
1.8282798173616346
6.904892894525366
5.116663780545675
13.318153534284372
13.294124580708946
4.0358059709093865
3.361642624225629
-0.42082053102234784
6.8270993167593295
10.230181582513197
4.708973486181096
12.047646015099746
5.836127394934257
3.170853148488
9.404206390349277
-1.6733384125748634
2.433048940918095
3.337227520308925
8.59022785350039
4.676762311887104
5.102529867338454
7.416074492804011
12.596693033145574
2.5408241232123943
7.110637580785427
11.51397924660733
3.3766533240499865
1.0504226140095252
2.2029302717841692
17.534689163237804
11.686785427926493
0.7337275367767271
6.022618097703596
10.89858622122081
1.384726153114352
10.25458998434465
4.373632965340156
4.509193049776162
3.6764732695734703
15.380910590716494
5.279447381827948
3.458273140436126
10.567690029153328
10.257289480004545
2.457131114067638
3.031903438452415
3.5698213314056972
0.42779796744424203
10.233604799243855
7.447568856756984
0.3408003523133898
2.631442970398367
12.536661688674041
2.2200852268784734
8.826153731587354
7.570225822492294
5.189562608327615
3.9546981275816044
6.831202126752169
1.9954478295375466
5.852287959128066
3.350184542760411
3.1462861951140333
4.188218839580828
14.091774972825206
12.150426128239097
9.207032096550591
6.8704399783919285
-0.2794084376023953
4.285240217474011
9.037747707958626
-2.921523108247298
8.746906306150528
5.1735863848440085
8.430345070688567
3.562524071716368
6.012983855788747
1.7884239258085257
0.46336882078620345
6.293900602403791
6.103601928728198
7.174184303329881
1.0176614371208421
4.306174377290674
1.6368915713948713
13.050918093448432
8.036198132097851
7.316772918354944
10.572529344523375
6.377891378054565
1.5044826518804824
11.067939540237738
9.776990057920795
8.942497122837405
0.8640629489695684
2.252844024425862
4.172125513512638
5.9621483383781415
9.323710854168988
2.61027950727664
11.778193724299747
3.664102322790939
5.078056097471477
13.624602678400526
4.498660568290893
2.721909493420591
5.485937872032856
8.103813797403372
4.325117559105276
8.489674484624352
9.064514495892979
6.11220855560668
6.108869168734015
8.460902872584855
2.934584636699225
3.0458315281285655
2.159894034603032
-0.4418043397182565
4.817826889484589
7.7524171503298875
7.611839955334791
6.31338008041945
4.881420400292276
3.1917964585725236
9.3296067696061
9.718493559381841
2.8292720978408408
0.3880838525565151
6.025507513797889
14.23285846834964
2.429218894324206
11.788600055924332
10.35368278806062
3.4437257706576077
9.305372419512196
6.221751664183588
5.061962349820293
6.98386983507889
3.7499311685674312
11.027639572362215
9.60171777822001
2.8802366281975975
9.782232363227461
13.669287753921779
5.663032033858366
3.391113539578973
3.919943963074519
0.6294403741564363
8.84621852496301
8.691710821976747
4.663516291209877
7.458371280091049
7.680622755516387
7.222270978016379
0.11537881981674403
3.809062297639296
8.664876573811133
2.453133883513602
2.0594907947471577
6.617888983953182
0.2167132954326325
8.335838744841489
14.50541071769378
2.942785476656467
10.384858552790261
-0.7289628480646462
5.3610106472311285
6.481705183292874
10.8911635862593
6.955587416249684
10.485443300652015
9.109004586553166
1.985071027232678
2.340144386101981
6.7176094854996515
11.996456873516738
0.12606865684776825
3.7012063949289637
6.783403860892107
13.508796570490455
1.6681573031176935
5.266205285945867
4.740431803048103
10.739216091581635
6.572520201090376
2.4490488382837325
4.83694787944237
4.028898358790813
12.458426920309002
10.228452956853861
5.102514899781358
4.985951584692901
7.829069376385355
5.770629686255936
6.5922993263341
10.504614036316365
10.675495149793193
-0.7585427219236003
-5.2187005774525215
-1.1061039337979486
0.873922149215066
-5.840897730001558
-1.8159550206577164
0.3936625241741023
0.5918789480840951
-1.4229239497814312
-1.024374449940621
-2.246546357584456
0.4812456045283189
-2.4385629185545166
-3.442949345442576
-1.5059386172586542
-4.172309617368622
-3.665898913842856
-2.4862391954040044
-0.5279472408510126
-2.595379354883894
-3.1369427574150706
-4.118152005099559
-2.690498311142467
-2.802971258255232
-2.5902384979753714
-1.8282175275715387
-1.0117686527230376
-1.7083584171474278
-4.4815099433719565
-2.7808552671218654
-0.2876107477990417
-3.0229613952919876
-1.6392699084116384
-4.995699866470936
-5.07631697458829
-1.5115208791065133
-0.3645115872758764
-2.7193067076698694
0.19411194661682574
0.4092276590814956
1.1089430019820496
-2.565654925850987
-4.138734876796909
-6.211794757844395
-2.9566540903312744
-0.36396257269716603
-1.3993851165699671
-2.4368515633605403
-1.5247577065794462
-4.499847704472573
-1.8951267289910552
-2.8616715008643783
-0.004959469554920215
2.339546152943414
-0.2816558232703039
-2.2290311817425907
-5.224069051369112
-1.4291931894284216
-4.182329678455079
-0.8184056707725098
-3.654172393639036
-4.757584842878476
0.2294434619947694
-0.995861722810641
-1.545852146945038
-3.4092243828163706
-2.4899139374453325
-3.239698244667807
-1.0301283810053454
-2.2726814074347237
-0.26464596804291673
-0.8827127054810828
0.6981427698226845
-1.906493163450151
-2.894958152436993
-0.638288107297063
-5.376449716961552
0.13400756106936784
-0.6870529633762275
-0.7042651912949818
-0.8706410852444226
1.6516354832300775
-3.934165910739295
0.4464249398365556
-2.750915234888619
-3.0309255203180054
-1.9036158304062725
-2.530291006820558
-3.687323439498158
-7.546963824636344
-1.3464680055904443
-6.5617999341383015
-2.843650585436895
-3.7905221133235427
-2.765087755507114
-3.6329490754505285
-0.6816869737036741
-1.1310898932977493
-0.11978553551107152
-3.3497784494839857
0.1872362508262544
-2.2048364081532443
-2.631999107362476
-2.2154061712037745
-0.5420690201317457
1.230838353064183
-3.7502354978325836
0.17381177663382097
-1.3221437402162874
-7.213437006467397
-2.588906235132569
-4.184432386179202
-0.08140023022991727
-4.734695965177453
2.2119836746785326
-4.2427429102691505
-2.119504834592107
-1.9239199629985273
-0.85932484375486
-0.41389252625274753
-2.8069667898881066
-4.632595097023602
-0.30380661893691463
-5.061266147438509
-3.9044163248874257
-2.623205276224769
-2.0519569279440755
-2.4770081528233545
-1.4881929755137238
0.5434241841544951
-2.65744293359454
-2.954880816311074
-1.6707819079193176
-3.636068862617744
-2.5253708729097304
0.9080831884252438
-4.463708565623579
-4.911300324927211
-4.433972660543586
-2.9395498987879085
-4.667990184324637
-2.5759209292674075
-2.266711054965447
-1.3237326994092076
0.8686919013472778
-3.8807161000416963
-2.5277507712158176
0.3286325842030222
-0.2924585673639897
-2.954086732490092
-1.9324640681863603
-0.962869907359486
-7.369036298634672
-4.1300723619346815
0.5451293200038396
-5.369555785916154
-1.4940788337560411
-2.010038758465445
-2.4556492435249506
0.25984598944353277
0.6753273878470627
-0.35240003335285497
-1.3466357936748485
0.08374771057897501
-2.3705696387502213
-1.6370353814998944
-5.872905712952608
-6.21775309356325
-0.1002926109206963
-1.2308948956929937
-7.020819953399562
0.36435979581873745
1.6845568500205
-3.2900209652687797
-2.661701114115834
-3.4376609146648085
-2.857832941857845
-1.3410277353682998
0.1155465673476539
-1.817530881446303
-2.0677136105864817
-1.9004091861406767
-2.9877897552526353
-0.6560195004271832
-3.6707913771245906
0.5776357208016032
-3.587907035972564
-3.5730092259280015
-4.98555654452942
-2.938298400617648
-4.35336160866176
0.5660880111876532
-5.168062899047058
-1.958069785268353
-1.687106950221875
-2.589540552994647
-3.732297989521753
-0.5327639521608056
-2.6805884202741614
-0.8574353529375618
-3.0456372170735775
-4.214261477616084
-1.1137724727848268
-1.999297526533703
0.4988500352983878
-5.377552661569372
-1.0005783837724325
-5.016464001178562
-2.04753284923741
-2.7556652115978855
-5.55629525253086
0.6976977062626144
-3.0658117848022712
-4.4825103740070436
-3.0576310596172016
-2.6036908332253974
-3.7549430506583663
0.060412573949166326
-4.415871731043476
-3.779330382820108
-3.1632026487894542
-1.6131478937667065
-2.4037713979334985
-0.9171751115160334
-2.361361444195595
-2.5569439343719607
-0.7076541342456428
-6.152796619559952
-0.08759957759620907
-1.5620073217623578
-1.0392861453124551
0.3392526704105423
-1.6822855359203335
-0.6228487756860563
-1.7351926469574164
1.8840510773557493
-3.8314483247088162
-2.2624915591531214
-3.0542514283903266
-1.1420048347886698
-2.4158087747043675
1.243438444987675
-0.5592691749398744
-3.7421703882180326
-2.523356373171679
-1.5620829412527601
-5.190058814727109
-1.4315656889473622
-2.368784664324562
2.7293392567894514
-3.757603904972447