31.696525214799905
32.10190077202489
36.8641179543829
33.717028375082684
33.72534353157403
32.77571753449644
35.640592047967715
35.17828477355172
37.5832114725774
33.60364399839047
35.045476377801904
33.15887883665161
34.70421852682004
34.364116152197305
35.02244669012921
33.966432183361846
33.658331934701906
38.38417500211035
35.15766835758164
36.868871504560566
31.422596851092514
34.50092425457005
37.06267019051795
34.0150114188604
36.38861546371884
34.99640000557364
35.14227714183932
35.79721815191863
30.013019044613536
34.824317704892266
35.56786036084249
33.56891791112812
32.81695232950612
39.20631824148837
33.37561303548777
35.865193848012964
33.22519571106109
37.44356763101909
39.10473509780676
39.476538996230495
34.96896845650575
32.66688792939889
35.38563416055698
35.367941577039545
37.3481859795045
35.22966655448199
36.906726820649254
32.536902736423
35.56640230631657
34.81761119044104
35.963997227304
31.145057291789783
40.18279122358713
35.798511904441476
34.84131981518464
34.335884708519885
34.08548679223322
33.792953179380234
33.041927698420416
33.844639144066335
36.114348706275
36.907296082783766
34.16928667862649
32.049083964497754
37.16203491099228
35.339586065474506
36.69618996313911
33.14122153853811
35.798782091526434
33.821749662806546
34.3183995283639
36.4012881715962
34.83447774949825
36.84024656622627
34.10363416626984
34.89003774074732
38.7237135789406
32.1160017842775
33.86639416411226
35.64420327457934
32.67354766735284
37.60958983771154
34.31445887663017
36.6393958498525
32.07234934533675
30.565904593126955
38.314141307047045
37.013055062133304
34.112452247280565
33.450810477639976
36.052955985569255
37.33993913779442
34.96737318638517
32.0600017671395
32.1933786917519
35.9744074545323
34.321162360353924
33.08920727322613
38.70750396031201
37.59977946589481
33.91335100072386
37.57734014791177
32.15630734266799
31.71279192786302
33.052029950888446
39.93508016972898
31.805526451348488
36.61312594447778
35.5452307356897
35.42858256533973
33.43245936050943
32.85266725541229
34.777284638772834
38.126129368851004
32.709669849060454
37.1526943903518
37.70272885805464
36.038651178207786
34.497939780674955
36.61519167007802
36.40380968150486
36.79191772684069
35.49988078852188
31.919046159886403
35.472156991759164
33.8601865549326
37.02840587982315
35.349175200390455
30.863730543554897
34.03258273397905
35.77448165443549
30.753358687941173
37.609860971649596
35.330414250330655
35.81989915521829
35.715946710840996
32.27028424533801
34.486158025023684
34.15482308580697
34.7651385301254
33.83032796298231
35.282218184104465
34.010366824540526
33.50719649208651
34.9044362965639
35.052537749289414
35.72623981310153
34.299292545739476
35.28732469630722
33.20773296833793
35.83469838851257
34.2645255189609
34.19909002755274
36.74174409783174
35.661654084645356
31.34507237522083
37.13403343322991
33.40401858841941
35.321249519171275
33.57442587909868
38.75212057258978
34.76211461510283
33.49623868519654
36.32956620869268
31.23103857291811
36.37396098019226
34.65578240499168
35.878403759530265
36.00871537018957
33.87124022409519
35.47619765318185
37.46944047171414
35.64953769343069
34.79658732453637
33.48722569846045
34.32404843567243
35.66333937006003
35.554419672349376
34.211310235624886
35.841566803623564
33.313459610849726
32.349927642022216
38.42525946019283
33.287731373959026
33.57659251095185
36.28077132892889
34.17320394292573
32.71664627359694
35.68582360462678
36.638484524202056
34.57009408427886
35.6059681278952
32.8828469573642
34.330131750179966
34.033818859168704
37.411920290399166
35.55053919600899
33.734379721857856
37.38793129627412
32.78199693543422
33.24542622832463
33.23017660220556
33.24190034608003
33.96847485973163
37.12866671344625
34.71832425519363
29.45354365193711
35.57705836442852
36.215296815153
33.72746731323891
30.841841465556392
34.65930951995511
35.71360988676602
33.65082680057111
36.583294984667596
42.43707953395524
36.08729279811742
33.122192922234646
37.616210959910646
35.062939976939745
34.96336460463549
36.11978595034169
35.312682553108054
34.872593749489624
34.21448215690746
33.973852342497885
32.473918805766175
35.894472897851166
33.853371924216155
35.456465371922484
34.24844909970453
33.95542453219843
29.621943532160216
34.940556320224935
34.63093797498251
35.20156472706603
34.31753551754025
34.54455675771749
35.28674414280183
35.4675959665846
33.34483959528893
35.86259673832223
36.46274667348749
36.14270755725061
36.693629035315624
35.20977377021249
36.97301005482951
32.56061294962305
35.24059397294447
34.83492320455432
34.418493339141335
35.56138651181322
33.71704033830871
40.19950682161022
32.07324922568137
36.030110406311785
38.13048031885133
35.098051874632965
32.56221139363391
37.24163840912243
33.38473960068715
33.944638972292
33.08817192427668
34.76092075652564
38.219054973085186
35.22619813355911
36.24433665924557
35.85706677850245
30.915080069205523
35.06501747224594
34.469726126615456
36.75865896928892
30.7822781340938
37.6260264479326
34.53933684497251
30.54790466030171
34.33518145536158
31.764244153223682
34.94308183850947
34.503190076584616
36.0184787620051
33.35555810149785
31.252791990859606
32.06530581486965
35.32471314155493
37.66718454996312
34.80152965218093
37.515560959984
36.15643679637641
37.43798406382845
35.16626967342827
33.43456172959029
37.58150565271332
34.139229897596756
34.293122351938266
37.175516501845365
33.66014975254763
34.86966816709195
35.384140528201165
32.28624757906089
33.54729156768923
31.28083025494807
35.547656256521286
39.94096080794262
31.60700642307637
34.65701785522294
32.69197881161458
32.942886363918156
35.29400008580963
38.31059691910886
31.452649001214972
38.529008474538664
33.406063428401715
38.53870940522956
33.275480583925614
33.18558262946816
36.76079062017528
38.67785988142518
35.19272525636406
34.223285628246714
34.69377587057608
34.63365470793199
36.598506493821205
33.68881853886624
34.75769047861601
34.101004766468094
36.19058859387079
30.71985628158358
35.852944954204695
34.96666225861516
34.06770426610714
32.08092393237338
35.24344009842161
37.94004242896283
36.40579550437183
30.497677345859962
33.60508815589349
34.55494062799213
32.97030438163597
32.774826774910764
33.83992919255461
32.36651002753071
32.87425575227166
36.53415095400064
32.36633748361133
36.20683415093813
33.62459913232549
36.778847570698794
37.28154047902132
34.36034345945356
35.597001838053714
30.09986107624109
37.36089604894861
33.491558375091536
32.88127620484795
36.10850665948612
32.985189090877675
35.76496080915495
33.3063856538639
33.44693817682109
33.337138797357795
36.17023746388574
34.781525152612495
37.24196640256979
34.530656906837876
32.60185185915814
35.07828032634682
32.18908883354834
37.448985772344294
34.74315789491132
38.67499866520912
39.27757739004027
34.50448655884758
35.359080584872196
37.02740030565557
32.44491306683111
36.135032230000206
35.652866163972114
35.03888169290205
36.617423869498715
38.16533985370392
35.01430471235394
37.769535800171035
36.29049464611441
36.310069115700465
40.0668302764937
31.333354988943295
33.92578479723638
35.66645692802895
35.46350220065188
35.80986800380573
34.507504745571325
34.376773116309494
35.69129735579461
37.54410899915081
35.117445816292836
32.218426120157055
36.80221917893247
33.6211972186262
35.243973724043094
35.50762431452642
34.71817386006625
34.67063873156319
33.10404118873232
34.601579520886496
34.41878845376622
33.6190433322327
33.770023687124905
34.42099991197994
35.44602715892117
35.44563822968226
35.53025855068308
34.0026411301488
35.109718154872006
32.834927570267205
34.35432922203114
36.40036168153829
34.37240906528778
37.063919406813184
38.12858972385352
34.93198401715691
39.72857845334205
36.551192954207494
37.84910159279943
33.75182629219326
34.23226891107872
32.888588063937675
35.74848528078231
33.7657209948273
35.878399748464076
34.72905888845553
33.68466522268392
32.160138930854664
33.69698805999884
35.27373646842419
35.72368536339368
37.16533779709138
33.16384074369916
36.96756194543998
33.799876548157165
32.1852779783861
36.90996016319657
36.63850575011462
33.67107221806564
38.374645586548766
36.37247348973295
35.088770186528414
36.081344294188845
32.30763092095904
31.311040953055663
36.35943074871129
33.373490164525116
35.127632587392156
34.741459715123064
32.427177938330075
31.999323934921918
34.87468692961582
37.4386867228589
32.27081537084135
35.13760996553746
34.25650681205596
36.613179311481716
37.06303572249648
37.698541904881566
37.28752862199259
35.22437304065285
35.83361046819663
37.25496706274311
41.13068793153267
33.903107136136825
36.341374941697694
32.428411482741154
33.38506449855408
36.06016628301029
35.94093434606141
34.87864121750994
34.548428196698275
33.906219881671156
30.78067203381764
37.16901066153089
37.38612503310966
34.470458660100036
33.88456867920227
33.3541529438142
35.177012698688145
34.390244604133066
35.84575575338548
32.10974616246136
35.58387847392534
32.2375656466731
33.125621492564605
33.033410254786865
35.82171015192973
32.637685359868925
36.276052767446664
31.251229337539808
34.01643441532269
34.10483188631634
33.70099982758299
36.10245116469137
11.504811560301123
9.425380203679628
10.182294514405735
7.602811786493508
12.659267336469338
11.288828299963216
8.30182841506812
12.719698740869077
11.601510323157505
8.437056572418424
12.036048223678595
14.520203871786414
9.0881885182619
12.79942244623356
12.658727277118405
10.10720963675621
9.34211493824719
15.869503160158743
4.187545192152333
12.076920216921287
12.54773876481024
7.506768182148458
5.243270019610638
10.32960846853363
13.211083463463314
10.201331184995635
4.712585818077706
14.067066532472916
10.347633270586602
9.620304738896865
9.259452479049028
6.497630085437849
8.133792710682732
11.320933621477163
11.941026623577441
8.75996664888412
14.702432455927102
5.945350975655698
8.544955604387704
15.03213138793473
12.65254821931657
11.145884278368456
7.781425518156105
8.142869562495287
9.41454847542815
10.109318657854637
13.010011543256567
10.496310439030657
10.550048609018612
12.948045340947523
15.370321186914014
3.697833851983109
16.261971087730274
11.308652330123685
8.856761085065155
10.602250025466253
8.121292696119795
4.378545536723832
12.58625868870962
10.275286858269851
11.014920969804052
11.250410632231194
10.494279027591352
11.129676660912107
10.812561639672118
11.595535604049157
7.375590899657641
12.56318883011338
10.943833667668713
8.02369902666835
4.035115365477332
14.494460361817007
10.29235279157483
10.413983355542932
8.403059646080454
13.760485249812975
10.012496638403169
8.326481297019464
10.34564294230352
10.34029038738117
5.327149178729141
9.865918363957208
5.92236546241802
6.250459664429168
10.815527516250555
4.461412642427826
7.632612663886402
12.781410294315986
8.444294360090637
8.908707688202263
6.608481974692166
5.712596450262559
9.677147078254185
9.731746927098714
10.933701888128118
10.009749995061952
9.400687545900682
6.542771980133409
11.272830004025304
8.222660107419136
9.433372578901778
13.27660540477986
11.797343617328245
6.803136835114015
7.420946417325951
6.942082687224497
8.724233717847536
11.27283921751472
9.08698750375297
13.591394478940082
15.235626536077977
11.806283782182925
10.176057339210695
10.072263852729568
8.906617457726234
15.264239998477937
10.45787554699018
13.31044408585834
9.749738922393156
11.313823636106694
11.198729667159023
9.285839004265771
6.504572528773391
7.679077895002291
6.917314263611148
12.102952233415241
10.144158155604162
11.775601754998991
4.594936075078379
9.570877849156714
5.4312331890929455
11.705086368731218
10.427814740098626
12.336873356686944
8.246476625955012
9.800459867727543
8.55384730607729
8.130394949256683
10.084916719290078
15.653068739634898
12.207206589378755
13.362736441423232
9.849070521059565
5.272108178079558
9.303540948057188
7.17742758272467
8.78804934390987
12.611684728555186
6.227052879639997
12.140159981820847
9.719676233534479
11.546917636763004
8.006195170739616
13.02698322156071
17.388643507449885
7.095370127784994
7.063031936944556
14.126427962501687
8.753320776489712
13.100371202303318
10.107665917194401
9.691751304648843
6.264544019793274
18.030707660828647
11.618027937250329
11.858435885831556
11.815485646603387
11.781251111259722
10.547806222504402
12.278907171146852
10.682918192238137
5.337487108962877
11.331642209952799
9.55138320508565
12.835400311007124
11.76583018627622
7.364208256870738
12.422955415056105
7.392463637884603
7.630357779654062
10.933749307870894
12.602495935452575
11.290646816324006
16.43479916290964
7.487518219417595
6.5828131256639235
5.661897383932026
13.379955604313686
8.631626760453134
6.487073217235074
9.333274050967923
6.681019928092879
13.099590644247922
9.510430524412286
11.984888411294534
5.911640437939048
10.407679099878171
6.428048411294112
14.304468421627927
12.521859263339763
12.435352239833716
12.931590814875523
13.808553337350714
10.65749655485234
12.859536568835967
8.333140240363651
7.672442014801757
5.6624867641939325
12.59093112970141
9.628944871844151
10.170612262647765
7.030165866558747
5.810444158692582
9.515691318805239
9.372359752766926
11.550564845752115
9.292755852163376
7.33181551253087
10.7069607517526
13.216244215157944
9.605972288241139
10.778649705363563
11.163576875642095
10.401163526035988
6.5386803117991725
13.718891353914715
11.264335914680334
8.90536708578779
8.778268999994765
9.59504115374014
11.97770371147513
12.064151406916347
15.148255799032128
10.426639070455565
13.991474036301927
6.899784118614773
7.56957592553809
16.00356917076266
11.721840431102214
7.921481662742512
4.993717192320068
7.234983952417166
14.103456249409213
12.31966043417906
7.800364138119242
12.575948343448394
11.565132160568734
7.30997722958314
9.294594784602051
11.36715458215163
0.544300394313844
0.13510970508391593
-0.5813086198715212
1.1261682062159764
1.1836856076085034
-1.4099263287937087
1.0951063737015103
-0.42424138709417697
1.200463221238889
-0.7961394015983669
0.6111770930242
1.1851384766002437
-0.1686320794877789
1.3242637763590333
-0.7736302504824697
1.6953032968558515
0.6904623067146292
0.9426336897451802
-0.6451162336397542
0.06147996787891237
-0.2449482695234491
-0.3782142999835747
-0.06449623632284893
0.4062361969133112
1.8692266108411433
0.0660004632102828
-0.9637532458456209
-1.7302336988539582
0.6094296265168971
-0.47969576896078225
0.9951938615472533
0.7048123185010153
-1.603431115535563
1.8510292019849097
0.5105196455776012
0.13597019760158344
-0.875708513846637
-0.5790071188524842
-1.5378164290376575
1.278288273104957
0.8490199597222142
-1.0137433263263291
-1.2156116092211415
0.46689999860161113
-2.5205094104308583
0.37283223410981814
-1.4277383220646425
-1.4405926170499053
0.5399753862087145
0.4470135173778452
-0.44097816518047256
0.18635033866591977
1.1569785040990574
-0.831311375681424
-0.6255979037394234
-0.494785654992957
-1.0116706271668952
0.8723773369263816
-0.8426794469631079
2.0501909611695233
0.4039797250347564
-1.3253795787864335
-0.4194684092878949
-0.6138051022874
-0.5492440008574325
1.122697934669141
1.1696434892050047
0.8379618719463623
0.40938455580941663
0.011488373125892907
0.8820982337443918
0.4573914179429117
1.9540423079972633
0.7353939170130636
1.35562781840256
-0.10954653818137645
-0.6924477625179046
-1.1925805949228274
0.22988493438080063
0.49736083945613213
-2.218067894650122
-0.1629384254160539
0.16280137378737122
1.3015388003144677
0.5255847057612388
0.2988229139136689
0.042466136552372725
-2.6951861861515476
0.8015766657577993
0.6683631997092782
-1.4448550925776789
0.6919501383976033
-0.6893636693436004
-0.48855344125926375
-0.9050305428848038
0.5251167944144214
-1.3762592758645626
1.9923758651470904
0.3334923463382391
-0.23781932028178582
0.28963673306611043
0.8825508604158419
0.32555482431134897
-0.49326625302522853
-0.1755857238689771
0.7345044682992625
-0.7994354838224084
-0.057841813502410196
0.6357983883070493
0.13351380776443414
1.5512305563083382
-0.11743993363837046
-1.3086058927631907
1.2113618119436516
0.5389194084919121
1.3017677254788242
-0.22265165248892313
-0.3829639290276162
-1.2488163720307044
-1.2595131538595634
2.7990785737147545
-0.5034071881462463
0.19391978981072938
0.30626915994223153
1.4881957558175107
0.15375755918884074
-0.6301544365335863
-1.1036838157177156
0.3339901149000696
-1.730624077493205
0.4996366649165525
-0.7132184702690099
-0.037124726157065364
1.6849886050011411
1.0839151678566405
-0.2981952976591216
-1.7417646102553836
-1.1600932402169981
1.8743179890590485
-0.7292090759935246
-0.4602054692171052
-0.48179329108144797
0.20147703462581354
-0.2818348640661004
0.24901800970928956
-2.1871728666530426
1.5488466907185279
1.3474242213920529
0.9651539127253816
-0.3985051737131778
0.18309140356639628
-2.0235606284361527
-1.141921997295638
1.0591776533117523
0.5600665995277629
1.648123018378037
0.15042857667758697
0.038620171734244486
-1.1336367430920502
1.5447078560359169
-1.0629319512186057
-0.7037591028132569
-0.04313268908718154
0.033024369284131896
-0.2711482555053849
-0.36366856686015947
-1.3971587125919875
-0.7682404825190743
-1.0127759963856207
1.339144427147215
-0.5127835585859164
-0.7456715236262678
-1.5092932412637023
1.052655023156947
-1.3723927411368904
2.184188422514458
-0.8491196048557463
-1.025405324460122
-1.6045455407247438
1.0375689393950043
-1.0197383337846113
0.502700805466785
0.444244659563909
2.38382095525297
-0.3492949520490978
-1.234420425875636
-0.28260199798389735
-1.0014242355495406
-0.780469235087598
-0.2809462391566435
0.33936600020018454
0.5120543409451563
0.24331149194370214
-0.009857932738844626
0.02564895377222339
1.1975630272617628
0.28532476827525555
-0.0411039410457219
-0.7564323038774471
-0.5405791936269505
-0.7543840941225128
-0.062022956883826634
-1.4332378683836047
-0.9286654422488082
0.12244248758827574
-1.9664524694359242
2.8190477531208313
0.23668629033582317
0.7934541781719247
-0.8819975650294684
2.5843391835917813
0.6656233499368963
1.26468578207778
-1.1263900595944218
-1.7275617214256624
-0.008190362973203611
1.793795435073389
0.47491601503576153
-2.703447574816426
-0.5653780208878285
-0.11304805657214016
1.398865296942361
0.8958897419856638
-0.8015995925355084
-1.7467501038498514
2.025456249784836
1.2297199978673572
-1.2522027640132423
0.646048327849476
0.9767711070400859
-0.30442841226882766
1.1370221552182607
-0.3243389805520124
-0.3172124481490269
-1.2699013864481086
-0.4218633582924284
1.458190346157263
-0.8042512001993294
-0.7548985060055439
0.5395910651315308
-1.1388979964462043
-0.255551515378725
0.3978307922808375
0.3698979589410628
1.1435192943773602
-0.051608020538106605
0.1949601369775588
-0.9746761820718354
0.37681217880021817
0.23911963321588559
-16.57804513443651
-26.71466052174022
-21.95350738813543
-22.438037070626166
-19.106318817290205
-21.432785522321186
-14.486933413370611
-21.327024368863743
-18.395102888284768
-19.896092811337827
-17.799820564129416
-21.766962498893935
-20.580484730541418
-20.860248788462595
-14.698513321970406
-16.728654227923315
-20.381542450869993
-23.60311521416324
-23.527285371957024
-19.603624013155642
-16.39608418259032
-22.931968326180098
-15.37839383656263
-21.35436607186737
-17.865081539844677
-18.026925336456017
-18.070874619402556
-20.141131620248323
-24.52075808734757
-19.347336188370413
-26.449584610835316
-17.462662977374997
-22.017342861844696
-21.622408002625182
-17.29814447472
-17.710490852128277
-23.241413648344505
-21.48658587866278
-18.7538159054205
-19.047007294308507
-18.121294286786362
-18.33292507586995
-19.336824786086737
-18.455886162517995
-19.118181683064822
-22.290421851181648
-27.079868683529153
-23.82906204009771
-23.19434122955025
-18.98890449349103
-22.22217790142336
-24.435981937458397
-16.61754913048159
-19.277684794218413
-19.600147414338753
-18.823760997241138
-19.06133563232054
-22.28839160694386
-19.384024832134507
-19.017897339480385
-24.483669982576412
-15.96076248802959
-18.786448749070424
-21.062706710301747
-17.539176921211617
-19.929193489846732
-20.399284970678394
-19.136586653629415
-25.77587659131944
-14.909398842729484
-22.349182432262804
-19.188067722947537
-20.125435495106597
-25.352227064405216
-22.786505242008893
-16.67834056201899
-20.329558972272896
-19.40574391055182
-22.28190614262266
-22.46964705634587
-22.40741551309965
-23.77168752690597
-21.711322982224992
-22.080657619840665
-21.89336683149217
-16.882083952137727
-21.416259047941942
-23.742051286905014
-22.804963453980616
-20.357598983959775
-21.352947123111917
-21.899626124715095
-19.455619898661972
-20.365808502885134
-22.014295436418596
-20.49175694219339
-27.01123856091205
-17.716557242721425
-13.203947699367736
-24.853369822561177
-18.619914508936702
-19.543933978087576
-21.310306165974357
-18.434881213106124
-22.412977638948966
-24.018212749698748
-19.99961547934344
-21.174994049329158
-24.382539410663043
-24.579831000469554
-22.217268840834283
-21.62764873301739
-15.669016541050762
-13.428986257649157
-20.16890717395211
-14.970740317857949
-21.868852637229732
-18.106408894800097
-19.385981141621563
-21.890791397799283
-25.290694057223533
-20.124818375823217
-22.331115669409268
-14.580589839075706
-22.72220075314562
-15.802176149118651
-20.705219596330636
-15.766928549284838
-24.93967257687169
-19.264474275745652
-18.803014237121513
-23.36268490004035
-18.110040492624044
-11.196492456676705
-22.25321361741136
-19.95275218813356
-19.57615001959681
-17.004918581021542
-28.173678203465993
-19.170371171637836
-19.489598261501243
-20.045087419987077
-22.92251898956519
-15.132762391709695
-13.559320308646237
-16.752228734256416
-10.409499921516243
-18.309673349224905
-22.209976394264714
-23.04773323480423
-21.869517813949383
-22.856469689576176
-18.589064516003383
-19.174460706376404
-21.140975688407103
-18.12419952145361
-13.527348171573154
-18.22004526534909
-20.62095506056314
-20.634912797504477
-14.77113168879431
-16.912437498259784
-19.968743915552864
-17.727800174582732
-18.158224036234184
-19.383915782288412
-19.591162235679608
-18.867496878352664
-21.71910554999059
-15.80569237263622
-23.3884089311581
-19.508915373571913
-22.954770290753718
-21.17906632722775
-20.16694478822223
-18.591019746220567
-18.174363642163797
-19.163235142910224
-16.39568370605142
-19.51689006476463
-20.534690250187687
-22.15498096561563
-25.623221249888424
-17.621420194212103
-15.287359823138537
-16.575827752977464
-18.209716864140965
-22.385434461931915
-20.15815097130111
-19.447419517280974
-21.688046369045892
-20.575519575467247
-20.980546494951184
-19.994865666147568
-21.43905349389335
-20.585800603412416
-19.6749763397285
-18.94371179780079
-21.128928771456266
-21.049379580350056
-21.55877864234227
-19.880865530998687
-19.331602756820295
-21.02262915744946
-14.249916159182753
-19.556351231308536
-18.51057194917557
-23.507955914959574
-13.632257698871001
-19.881094064430776
-21.016382229321035
-22.324654960336126
-17.927892398218084
-24.016425854371654
-17.740219697207223
-19.4870972010842
-18.622512223336756
-19.93675145957075
-22.71556414426999
-24.20291172293537
-20.499273474828996
-20.000017829953936
-22.821729385189457
-20.7751121100115
-20.597257664560175
-20.730301194996862
-20.2282340067131
-21.41194648299588
-21.105370263785435
-23.152963080312933
-24.88943395002396
-22.00684760586001
-19.469515375473865
-18.69225024084153
-20.510748999557922
-20.932376072009394
-20.899919754725783
-17.532362195544138
-20.408033089732648
-15.483667476705254
-13.354429663242241
-18.251454481003904
-20.069550986996518
-13.985020858201565
-20.7696315172436
-20.17855208950497
-22.44123143126798
-21.011808565510645
-20.60167321716549
-21.635145806823527
-20.01794473510672
-19.949071343317197
-19.64103142912462
-21.885938408950047
-19.329457219088056
-17.149800497255868
-18.14546914354
-21.05394453995379
-16.277551119478147
-20.00993220612137
-26.057229180054335
-21.21009414933592
-19.793315467621667
-21.850566827129608
-22.45233303637046
-23.28328298883597
-29.630095634109818
-21.566525703677286
-22.443611501074685
-17.652732774056773
-21.210204222604016
-17.991571977178637
-19.640887329475813
-23.66702837620455
-19.00684122069456
-20.618287035470086
-18.31044806465812
-21.972170496728836
-18.752534967213464
-20.13541666739811
-17.34956582904391
-20.876330033781922
-18.581201798986054
-22.966144914141882
-18.85905936327815
-18.135155488566745
-11.689838394691796
-17.56054772122209
-21.590804616743057
-23.63343465633193
-26.614473270214596
-14.379365606821214
-19.086565412631916
-16.923724269846666
-17.321738967228022
-18.954310189435386
-20.423624728288
-17.973424756546702
-20.771077811103243
-20.93201016385474
-23.04392580973177
-29.655076384973544
-21.02118073046825
-21.613121813126927
-18.13722586699673
-20.503494658152636
-16.186383837126506
-22.49963714650438
-18.015113391455525
-24.415917632010075
-20.8925620798981
-20.212745977079855
-19.274497135985474
-22.876018330948213
-17.00440132729547
-20.47677746504579
-21.747071097102644
-18.075877096938306
-14.555925322370273
-16.379524320030658
-18.128894709110497
-15.51334106177218
-15.338910570257706
-19.421266671786928
-19.11468375799746
-21.70557605497648
-19.673490305367483
-23.25740549555395
-17.785188224250884
-14.99764844306414
-22.401530037861306
-22.565825414163427
-18.92716831771009
-18.067833481171892
-24.459888920459278
-13.449703900039093
-22.635234340563045
-20.974703789801726
-21.166695580998965
-18.7241242096945
-22.550223553008273
-19.275463393701422
-18.98444166677606
-20.316781471598638
-17.307126250139312
-17.31111362043751
-19.4348527722778
-21.10832786585338
-18.795397835503938
-16.39484469515865
-14.320296132492695
-18.767685588533016
-17.27771256582579
-18.22434050530413
-16.394885475416892
-19.407611778330853
-21.41853595915908
-25.092250634104122
-19.786894194585468
-14.886230991025185
-19.482873728136227
-24.439381774471272
-20.281750808950257
-19.757137157016412
-22.654171529704016
-17.376084558994894
-17.878195511391226
-22.584910794100082
-17.784032394732236
-18.325546688456264
-23.848986241330707
-19.352650002485152
-22.541273334806746
-19.48184569004986
-17.045951962557996
-13.107481985170285
-17.489435590379237
-17.677241213949305
-13.346378978542317
-20.14736680160178
-16.77221087081884
-25.24697675352656
-22.066446555453513
-17.372381892033992
-20.169288427848723
-25.75207152344364
-22.025696357828892
-22.88272135931437
-19.42447780298095
-17.385721162247826
-19.74336966661524
-23.030768430288802
-22.261125715096586
-20.69445290112521
-21.04719129681995
-19.543060458837296
-17.07918408174462
-16.682996578900124
-19.15598238074285
-21.430946207625198
-20.03514198048325
-27.18631321340498
-19.502343465190688
-20.53026215987221
-24.18435378143551
-24.409217703965883
-19.94585198519726
-21.27662217435588
-18.343099339985393
-21.346130845147403
-21.221249616107514
-19.3326041131774
-19.131151989827305
-20.002380714439536
-20.086133867044165
-19.809477852782496
-19.073806775896053
-21.004931363997898
-20.8228166822687
-19.994562883533774
-20.688014948978754
-20.352063412950308
-22.52267355147163
-20.459856913207098
-20.121913133209574
-17.20468765391264
-23.020056700946114
-19.654574250526316
-23.339765706344345
-23.522422217912446
-23.26413216915432
-22.366218960574002
-19.592719883585573
-19.786082589190276
-21.895679517548345
-17.595706805586186
-18.191484629242993
-28.422550686490794
-19.998820050562312
-15.998788661635665
-18.27401829401759
-19.698883905764525
-19.409174863486616
-27.884692113130022
-17.88929766904434
-20.69043280924938
-20.25285973125276
-25.438819381285153
-24.30965717155322
-25.211819340297296
-20.683629421540243
-17.568977298678362
-17.218994525233324
-20.078545387313696
-17.286820173091865
-22.347047428784293
-22.132421440757717
-19.44365517266677
-18.292280552317497
-17.6679881752516
-18.39667260574025
-20.43850683732143
-17.966535790203125
-21.74319931867309
-20.88120078895188
-20.168616231247842
-20.287079282656723
-12.467625619946812
-16.15540599425846
-18.074854907974455
-27.137537342783347
-25.816006718169803
-20.82334110476631
-18.682543226200252
-19.2871656138609
-15.204366393896851
-12.499751234776678
-23.608030267607557
-18.20050465264677
-18.95664128823766
-19.220495771638497
-13.584484428176852
-26.699859156279643
-22.0632472924279
-23.751684186447314
-21.65143890076088
-18.871832305078623
-18.651503161002758
-19.64642157549135
-24.291424731892086
-22.587377041563254
-20.152280513222596
-21.82951174711619
-21.017310242312345
-18.97800409272395
-16.58322638139475
-21.638766254547107
-24.57731489530443
-22.978553149183906
-20.27141291081033